trialN,stimuli,question,trialStartTime,trialStartTime_UNIX,stimulus1,rt,receivedResponse,rating,trialEndTime,trialDuration,stimulus1Loaded,exp,subjectId,date
0,"[{'imgObject': {}, 'id': 'eggsalad', 'src': '/static/foodstim60/eggsalad.jpg', 'key': 'NaN', 'origWidth': 410, 'origHeight': 409, 'width': 410, 'height': 409, 'widthPercent': 0.8, 'rescaleHeight': True, 'trialN': 0, 'loaded': True, 'loadedTime': 2798.5999999046326, 'positionName': 'CENTER', 'positionCoords': [755, 335.5]}]",Rate how much you want to eat this food from 0 (least) to 10 (most).,3723.899999856949,1669838235488,eggsalad,3911.0,True,5.78,7634.899999856949,3911.0,True,HRV,HRV_0276,2022-11-30 19:59:06
1,"[{'imgObject': {}, 'id': 'tacos', 'src': '/static/foodstim60/tacos.jpg', 'key': 'NaN', 'origWidth': 411, 'origHeight': 411, 'width': 411, 'height': 411, 'widthPercent': 0.8, 'rescaleHeight': True, 'trialN': 1, 'loaded': True, 'loadedTime': 2866.899999856949, 'positionName': 'CENTER', 'positionCoords': [754.5, 334.5]}]",Rate how much you want to eat this food from 0 (least) to 10 (most).,7636.899999856949,1669838239401,tacos,1944.0,True,0.09,9580.899999856949,1944.0,True,HRV,HRV_0276,2022-11-30 19:59:06
2,"[{'imgObject': {}, 'id': 'pear', 'src': '/static/foodstim60/pear.jpg', 'key': 'NaN', 'origWidth': 411, 'origHeight': 410, 'width': 411, 'height': 410, 'widthPercent': 0.8, 'rescaleHeight': True, 'trialN': 2, 'loaded': True, 'loadedTime': 2852.5, 'positionName': 'CENTER', 'positionCoords': [754.5, 335]}]",Rate how much you want to eat this food from 0 (least) to 10 (most).,9581.899999856949,1669838241346,pear,2353.0,True,4.46,11934.899999856949,2353.0,True,HRV,HRV_0276,2022-11-30 19:59:06
3,"[{'imgObject': {}, 'id': 'Grapes', 'src': '/static/foodstim60/Grapes.jpg', 'key': 'NaN', 'origWidth': 411, 'origHeight': 411, 'width': 411, 'height': 411, 'widthPercent': 0.8, 'rescaleHeight': True, 'trialN': 3, 'loaded': True, 'loadedTime': 2803.699999809265, 'positionName': 'CENTER', 'positionCoords': [754.5, 334.5]}]",Rate how much you want to eat this food from 0 (least) to 10 (most).,11936.0,1669838243700,Grapes,1610.8999998569489,True,5.3500000000000005,13546.899999856949,1610.8999998569489,True,HRV,HRV_0276,2022-11-30 19:59:06
4,"[{'imgObject': {}, 'id': 'chicken nuggets2', 'src': '/static/foodstim60/chicken nuggets2.jpg', 'key': 'NaN', 'origWidth': 410, 'origHeight': 409, 'width': 410, 'height': 409, 'widthPercent': 0.8, 'rescaleHeight': True, 'trialN': 4, 'loaded': True, 'loadedTime': 2868.899999856949, 'positionName': 'CENTER', 'positionCoords': [755, 335.5]}]",Rate how much you want to eat this food from 0 (least) to 10 (most).,13547.799999952316,1669838245312,chicken nuggets2,1649.0999999046326,True,0.52,15196.899999856949,1649.0999999046326,True,HRV,HRV_0276,2022-11-30 19:59:06
5,"[{'imgObject': {}, 'id': 'omelette', 'src': '/static/foodstim60/omelette.jpg', 'key': 'NaN', 'origWidth': 410, 'origHeight': 409, 'width': 410, 'height': 409, 'widthPercent': 0.8, 'rescaleHeight': True, 'trialN': 5, 'loaded': True, 'loadedTime': 2816.699999809265, 'positionName': 'CENTER', 'positionCoords': [755, 335.5]}]",Rate how much you want to eat this food from 0 (least) to 10 (most).,15197.799999952316,1669838246962,omelette,2079.0999999046326,True,3.64,17276.89999985695,2079.0999999046326,True,HRV,HRV_0276,2022-11-30 19:59:06
6,"[{'imgObject': {}, 'id': 'cherries', 'src': '/static/foodstim60/cherries.jpg', 'key': 'NaN', 'origWidth': 410, 'origHeight': 411, 'width': 410, 'height': 411, 'widthPercent': 0.8, 'rescaleHeight': True, 'trialN': 6, 'loaded': True, 'loadedTime': 2896.699999809265, 'positionName': 'CENTER', 'positionCoords': [755, 334.5]}]",Rate how much you want to eat this food from 0 (least) to 10 (most).,17277.799999952316,1669838249042,cherries,2399.0999999046326,True,0.14,19676.89999985695,2399.0999999046326,True,HRV,HRV_0276,2022-11-30 19:59:06
7,"[{'imgObject': {}, 'id': 'eggs', 'src': '/static/foodstim60/eggs.jpg', 'key': 'NaN', 'origWidth': 409, 'origHeight': 409, 'width': 409, 'height': 409, 'widthPercent': 0.8, 'rescaleHeight': True, 'trialN': 7, 'loaded': True, 'loadedTime': 2872.399999856949, 'positionName': 'CENTER', 'positionCoords': [755.5, 335.5]}]",Rate how much you want to eat this food from 0 (least) to 10 (most).,19677.799999952316,1669838251442,eggs,1719.0999999046326,True,3.71,21396.89999985695,1719.0999999046326,True,HRV,HRV_0276,2022-11-30 19:59:06
8,"[{'imgObject': {}, 'id': 'blackbeanswithrice', 'src': '/static/foodstim60/blackbeanswithrice.jpg', 'key': 'NaN', 'origWidth': 410, 'origHeight': 410, 'width': 410, 'height': 410, 'widthPercent': 0.8, 'rescaleHeight': True, 'trialN': 8, 'loaded': True, 'loadedTime': 2987, 'positionName': 'CENTER', 'positionCoords': [755, 335]}]",Rate how much you want to eat this food from 0 (least) to 10 (most).,21397.89999985695,1669838253162,blackbeanswithrice,1853.0,True,0.11,23250.89999985695,1853.0,True,HRV,HRV_0276,2022-11-30 19:59:06
9,"[{'imgObject': {}, 'id': 'rigatoni', 'src': '/static/foodstim60/rigatoni.jpg', 'key': 'NaN', 'origWidth': 411, 'origHeight': 411, 'width': 411, 'height': 411, 'widthPercent': 0.8, 'rescaleHeight': True, 'trialN': 9, 'loaded': True, 'loadedTime': 2985.5, 'positionName': 'CENTER', 'positionCoords': [754.5, 334.5]}]",Rate how much you want to eat this food from 0 (least) to 10 (most).,23251.89999985695,1669838255016,rigatoni,1663.0,True,0.08,24914.89999985695,1663.0,True,HRV,HRV_0276,2022-11-30 19:59:06
10,"[{'imgObject': {}, 'id': 'sushi w_condiments', 'src': '/static/foodstim60/sushi w_condiments.jpg', 'key': 'NaN', 'origWidth': 410, 'origHeight': 410, 'width': 410, 'height': 410, 'widthPercent': 0.8, 'rescaleHeight': True, 'trialN': 10, 'loaded': True, 'loadedTime': 2914.5, 'positionName': 'CENTER', 'positionCoords': [755, 335]}]",Rate how much you want to eat this food from 0 (least) to 10 (most).,24916.0,1669838256680,sushi w_condiments,1422.8999998569489,True,0.25,26338.89999985695,1422.8999998569489,True,HRV,HRV_0276,2022-11-30 19:59:06
11,"[{'imgObject': {}, 'id': 'cocktailshrimp', 'src': '/static/foodstim60/cocktailshrimp.jpg', 'key': 'NaN', 'origWidth': 410, 'origHeight': 410, 'width': 410, 'height': 410, 'widthPercent': 0.8, 'rescaleHeight': True, 'trialN': 11, 'loaded': True, 'loadedTime': 2947.699999809265, 'positionName': 'CENTER', 'positionCoords': [755, 335]}]",Rate how much you want to eat this food from 0 (least) to 10 (most).,26340.39999985695,1669838258105,cocktailshrimp,1578.5,True,0.13,27918.89999985695,1578.5,True,HRV,HRV_0276,2022-11-30 19:59:06
12,"[{'imgObject': {}, 'id': 'grilled chicken strips', 'src': '/static/foodstim60/grilled chicken strips.jpg', 'key': 'NaN', 'origWidth': 410, 'origHeight': 411, 'width': 410, 'height': 411, 'widthPercent': 0.8, 'rescaleHeight': True, 'trialN': 12, 'loaded': True, 'loadedTime': 2952.5, 'positionName': 'CENTER', 'positionCoords': [755, 334.5]}]",Rate how much you want to eat this food from 0 (least) to 10 (most).,27919.89999985695,1669838259684,grilled chicken strips,1531.0,True,3.93,29450.89999985695,1531.0,True,HRV,HRV_0276,2022-11-30 19:59:06
13,"[{'imgObject': {}, 'id': 'baked potato', 'src': '/static/foodstim60/baked potato.jpg', 'key': 'NaN', 'origWidth': 409, 'origHeight': 410, 'width': 409, 'height': 410, 'widthPercent': 0.8, 'rescaleHeight': True, 'trialN': 13, 'loaded': True, 'loadedTime': 2965.399999856949, 'positionName': 'CENTER', 'positionCoords': [755.5, 335]}]",Rate how much you want to eat this food from 0 (least) to 10 (most).,29451.89999985695,1669838261216,baked potato,1546.9000000953674,True,2.69,30998.799999952316,1546.9000000953674,True,HRV,HRV_0276,2022-11-30 19:59:06
14,"[{'imgObject': {}, 'id': 'bagel plain', 'src': '/static/foodstim60/bagel plain.jpg', 'key': 'NaN', 'origWidth': 410, 'origHeight': 410, 'width': 410, 'height': 410, 'widthPercent': 0.8, 'rescaleHeight': True, 'trialN': 14, 'loaded': True, 'loadedTime': 2999.399999856949, 'positionName': 'CENTER', 'positionCoords': [755, 335]}]",Rate how much you want to eat this food from 0 (least) to 10 (most).,30999.89999985695,1669838262764,bagel plain,1531.0,True,0.52,32530.89999985695,1531.0,True,HRV,HRV_0276,2022-11-30 19:59:06
15,"[{'imgObject': {}, 'id': 'sweetpotato', 'src': '/static/foodstim60/sweetpotato.jpg', 'key': 'NaN', 'origWidth': 410, 'origHeight': 410, 'width': 410, 'height': 410, 'widthPercent': 0.8, 'rescaleHeight': True, 'trialN': 15, 'loaded': True, 'loadedTime': 3053.2999999523163, 'positionName': 'CENTER', 'positionCoords': [755, 335]}]",Rate how much you want to eat this food from 0 (least) to 10 (most).,32531.89999985695,1669838264296,sweetpotato,1563.0,True,2.59,34094.89999985695,1563.0,True,HRV,HRV_0276,2022-11-30 19:59:06
16,"[{'imgObject': {}, 'id': 'salad w chicken', 'src': '/static/foodstim60/salad w chicken.jpg', 'key': 'NaN', 'origWidth': 411, 'origHeight': 411, 'width': 411, 'height': 411, 'widthPercent': 0.8, 'rescaleHeight': True, 'trialN': 16, 'loaded': True, 'loadedTime': 3055.699999809265, 'positionName': 'CENTER', 'positionCoords': [754.5, 334.5]}]",Rate how much you want to eat this food from 0 (least) to 10 (most).,34095.799999952316,1669838265860,salad w chicken,1603.0,True,4.21,35698.799999952316,1603.0,True,HRV,HRV_0276,2022-11-30 19:59:06
17,"[{'imgObject': {}, 'id': 'olives', 'src': '/static/foodstim60/olives.jpg', 'key': 'NaN', 'origWidth': 410, 'origHeight': 410, 'width': 410, 'height': 410, 'widthPercent': 0.8, 'rescaleHeight': True, 'trialN': 17, 'loaded': True, 'loadedTime': 3065.399999856949, 'positionName': 'CENTER', 'positionCoords': [755, 335]}]",Rate how much you want to eat this food from 0 (least) to 10 (most).,35699.799999952316,1669838267464,olives,1593.0,True,0.59,37292.799999952316,1593.0,True,HRV,HRV_0276,2022-11-30 19:59:06
18,"[{'imgObject': {}, 'id': 'steak', 'src': '/static/foodstim60/steak.jpg', 'key': 'NaN', 'origWidth': 410, 'origHeight': 410, 'width': 410, 'height': 410, 'widthPercent': 0.8, 'rescaleHeight': True, 'trialN': 18, 'loaded': True, 'loadedTime': 3112.2999999523163, 'positionName': 'CENTER', 'positionCoords': [755, 335]}]",Rate how much you want to eat this food from 0 (least) to 10 (most).,37293.89999985695,1669838269058,steak,1554.9000000953674,True,1.09,38848.799999952316,1554.9000000953674,True,HRV,HRV_0276,2022-11-30 19:59:06
19,"[{'imgObject': {}, 'id': 'mashed potato', 'src': '/static/foodstim60/mashed potato.jpg', 'key': 'NaN', 'origWidth': 409, 'origHeight': 409, 'width': 409, 'height': 409, 'widthPercent': 0.8, 'rescaleHeight': True, 'trialN': 19, 'loaded': True, 'loadedTime': 3114.0999999046326, 'positionName': 'CENTER', 'positionCoords': [755.5, 335.5]}]",Rate how much you want to eat this food from 0 (least) to 10 (most).,38849.799999952316,1669838270614,mashed potato,1681.0999999046326,True,0.14,40530.89999985695,1681.0999999046326,True,HRV,HRV_0276,2022-11-30 19:59:06
20,"[{'imgObject': {}, 'id': 'fruitsalad', 'src': '/static/foodstim60/fruitsalad.jpg', 'key': 'NaN', 'origWidth': 410, 'origHeight': 410, 'width': 410, 'height': 410, 'widthPercent': 0.8, 'rescaleHeight': True, 'trialN': 20, 'loaded': True, 'loadedTime': 3114.899999856949, 'positionName': 'CENTER', 'positionCoords': [755, 335]}]",Rate how much you want to eat this food from 0 (least) to 10 (most).,40532.09999990463,1669838272296,fruitsalad,1624.7000000476837,True,0.51,42156.799999952316,1624.7000000476837,True,HRV,HRV_0276,2022-11-30 19:59:06
21,"[{'imgObject': {}, 'id': 'turkey sandwich', 'src': '/static/foodstim60/turkey sandwich.jpg', 'key': 'NaN', 'origWidth': 409, 'origHeight': 409, 'width': 409, 'height': 409, 'widthPercent': 0.8, 'rescaleHeight': True, 'trialN': 21, 'loaded': True, 'loadedTime': 3141.399999856949, 'positionName': 'CENTER', 'positionCoords': [755.5, 335.5]}]",Rate how much you want to eat this food from 0 (least) to 10 (most).,42157.799999952316,1669838273922,turkey sandwich,1619.0,True,2.2,43776.799999952316,1619.0,True,HRV,HRV_0276,2022-11-30 19:59:06
22,"[{'imgObject': {}, 'id': 'mac & cheese', 'src': '/static/foodstim60/mac & cheese.jpg', 'key': 'NaN', 'origWidth': 410, 'origHeight': 410, 'width': 410, 'height': 410, 'widthPercent': 0.8, 'rescaleHeight': True, 'trialN': 22, 'loaded': True, 'loadedTime': 3145, 'positionName': 'CENTER', 'positionCoords': [755, 335]}]",Rate how much you want to eat this food from 0 (least) to 10 (most).,43777.799999952316,1669838275542,mac & cheese,2093.0,True,0.01,45870.799999952316,2093.0,True,HRV,HRV_0276,2022-11-30 19:59:06
23,"[{'imgObject': {}, 'id': 'bagel and cc', 'src': '/static/foodstim60/bagel and cc.jpg', 'key': 'NaN', 'origWidth': 410, 'origHeight': 410, 'width': 410, 'height': 410, 'widthPercent': 0.8, 'rescaleHeight': True, 'trialN': 23, 'loaded': True, 'loadedTime': 3149.699999809265, 'positionName': 'CENTER', 'positionCoords': [755, 335]}]",Rate how much you want to eat this food from 0 (least) to 10 (most).,45871.799999952316,1669838277636,bagel and cc,1759.0,True,0.18,47630.799999952316,1759.0,True,HRV,HRV_0276,2022-11-30 19:59:06
24,"[{'imgObject': {}, 'id': 'hotdog w must', 'src': '/static/foodstim60/hotdog w must.jpg', 'key': 'NaN', 'origWidth': 409, 'origHeight': 409, 'width': 409, 'height': 409, 'widthPercent': 0.8, 'rescaleHeight': True, 'trialN': 24, 'loaded': True, 'loadedTime': 3226.399999856949, 'positionName': 'CENTER', 'positionCoords': [755.5, 335.5]}]",Rate how much you want to eat this food from 0 (least) to 10 (most).,47631.799999952316,1669838279396,hotdog w must,1695.0,True,0.2,49326.799999952316,1695.0,True,HRV,HRV_0276,2022-11-30 19:59:06
25,"[{'imgObject': {}, 'id': 'raspberries', 'src': '/static/foodstim60/raspberries.jpg', 'key': 'NaN', 'origWidth': 411, 'origHeight': 411, 'width': 411, 'height': 411, 'widthPercent': 0.8, 'rescaleHeight': True, 'trialN': 25, 'loaded': True, 'loadedTime': 3184.699999809265, 'positionName': 'CENTER', 'positionCoords': [754.5, 334.5]}]",Rate how much you want to eat this food from 0 (least) to 10 (most).,49327.799999952316,1669838281092,raspberries,1799.0,True,1.57,51126.799999952316,1799.0,True,HRV,HRV_0276,2022-11-30 19:59:06
26,"[{'imgObject': {}, 'id': 'roastedpotatoes', 'src': '/static/foodstim60/roastedpotatoes.jpg', 'key': 'NaN', 'origWidth': 409, 'origHeight': 410, 'width': 409, 'height': 410, 'widthPercent': 0.8, 'rescaleHeight': True, 'trialN': 26, 'loaded': True, 'loadedTime': 3179.399999856949, 'positionName': 'CENTER', 'positionCoords': [755.5, 335]}]",Rate how much you want to eat this food from 0 (least) to 10 (most).,51127.89999985695,1669838282892,roastedpotatoes,1686.9000000953674,True,0.76,52814.799999952316,1686.9000000953674,True,HRV,HRV_0276,2022-11-30 19:59:06
27,"[{'imgObject': {}, 'id': 'cheerios', 'src': '/static/foodstim60/cheerios.jpg', 'key': 'NaN', 'origWidth': 409, 'origHeight': 410, 'width': 409, 'height': 410, 'widthPercent': 0.8, 'rescaleHeight': True, 'trialN': 27, 'loaded': True, 'loadedTime': 3188.0999999046326, 'positionName': 'CENTER', 'positionCoords': [755.5, 335]}]",Rate how much you want to eat this food from 0 (least) to 10 (most).,52815.799999952316,1669838284580,cheerios,1665.0,True,0.14,54480.799999952316,1665.0,True,HRV,HRV_0276,2022-11-30 19:59:06
28,"[{'imgObject': {}, 'id': 'cherry tomato', 'src': '/static/foodstim60/cherry tomato.jpg', 'key': 'NaN', 'origWidth': 410, 'origHeight': 410, 'width': 410, 'height': 410, 'widthPercent': 0.8, 'rescaleHeight': True, 'trialN': 28, 'loaded': True, 'loadedTime': 3225, 'positionName': 'CENTER', 'positionCoords': [755, 335]}]",Rate how much you want to eat this food from 0 (least) to 10 (most).,54481.89999985695,1669838286246,cherry tomato,1390.9000000953674,True,0.06,55872.799999952316,1390.9000000953674,True,HRV,HRV_0276,2022-11-30 19:59:06
29,"[{'imgObject': {}, 'id': 'veggieswithdip', 'src': '/static/foodstim60/veggieswithdip.jpg', 'key': 'NaN', 'origWidth': 409, 'origHeight': 409, 'width': 409, 'height': 409, 'widthPercent': 0.8, 'rescaleHeight': True, 'trialN': 29, 'loaded': True, 'loadedTime': 3227.899999856949, 'positionName': 'CENTER', 'positionCoords': [755.5, 335.5]}]",Rate how much you want to eat this food from 0 (least) to 10 (most).,55873.799999952316,1669838287638,veggieswithdip,2726.899999856949,True,4.29,58600.699999809265,2726.899999856949,True,HRV,HRV_0276,2022-11-30 19:59:06
30,"[{'imgObject': {}, 'id': 'lox', 'src': '/static/foodstim60/lox.jpg', 'key': 'NaN', 'origWidth': 410, 'origHeight': 411, 'width': 410, 'height': 411, 'widthPercent': 0.8, 'rescaleHeight': True, 'trialN': 30, 'loaded': True, 'loadedTime': 3293.5999999046326, 'positionName': 'CENTER', 'positionCoords': [755, 334.5]}]",Rate how much you want to eat this food from 0 (least) to 10 (most).,58601.59999990463,1669838290366,lox,1673.2000000476837,True,1.1400000000000001,60274.799999952316,1673.2000000476837,True,HRV,HRV_0276,2022-11-30 19:59:06
31,"[{'imgObject': {}, 'id': 'orange slices', 'src': '/static/foodstim60/orange slices.jpg', 'key': 'NaN', 'origWidth': 409, 'origHeight': 410, 'width': 409, 'height': 410, 'widthPercent': 0.8, 'rescaleHeight': True, 'trialN': 31, 'loaded': True, 'loadedTime': 3323.7999999523163, 'positionName': 'CENTER', 'positionCoords': [755.5, 335]}]",Rate how much you want to eat this food from 0 (least) to 10 (most).,60275.5,1669838292040,orange slices,1515.1999998092651,True,6.08,61790.699999809265,1515.1999998092651,True,HRV,HRV_0276,2022-11-30 19:59:06
32,"[{'imgObject': {}, 'id': 'froot loops w milk', 'src': '/static/foodstim60/froot loops w milk.jpg', 'key': 'NaN', 'origWidth': 410, 'origHeight': 410, 'width': 410, 'height': 410, 'widthPercent': 0.8, 'rescaleHeight': True, 'trialN': 32, 'loaded': True, 'loadedTime': 3328.199999809265, 'positionName': 'CENTER', 'positionCoords': [755, 335]}]",Rate how much you want to eat this food from 0 (least) to 10 (most).,61791.59999990463,1669838293556,froot loops w milk,1953.2000000476837,True,0.12,63744.799999952316,1953.2000000476837,True,HRV,HRV_0276,2022-11-30 19:59:06
33,"[{'imgObject': {}, 'id': 'granola w milk', 'src': '/static/foodstim60/granola w milk.jpg', 'key': 'NaN', 'origWidth': 410, 'origHeight': 410, 'width': 410, 'height': 410, 'widthPercent': 0.8, 'rescaleHeight': True, 'trialN': 33, 'loaded': True, 'loadedTime': 3297.399999856949, 'positionName': 'CENTER', 'positionCoords': [755, 335]}]",Rate how much you want to eat this food from 0 (least) to 10 (most).,63745.59999990463,1669838295510,granola w milk,1149.0999999046326,True,0.54,64894.699999809265,1149.0999999046326,True,HRV,HRV_0276,2022-11-30 19:59:06
34,"[{'imgObject': {}, 'id': 'rigatoni and sauce', 'src': '/static/foodstim60/rigatoni and sauce.jpg', 'key': 'NaN', 'origWidth': 410, 'origHeight': 411, 'width': 410, 'height': 411, 'widthPercent': 0.8, 'rescaleHeight': True, 'trialN': 34, 'loaded': True, 'loadedTime': 3295.199999809265, 'positionName': 'CENTER', 'positionCoords': [755, 334.5]}]",Rate how much you want to eat this food from 0 (least) to 10 (most).,64895.699999809265,1669838296660,rigatoni and sauce,2103.100000143051,True,0.19,66998.79999995232,2103.100000143051,True,HRV,HRV_0276,2022-11-30 19:59:06
35,"[{'imgObject': {}, 'id': 'luckycharms', 'src': '/static/foodstim60/luckycharms.jpg', 'key': 'NaN', 'origWidth': 410, 'origHeight': 409, 'width': 410, 'height': 409, 'widthPercent': 0.8, 'rescaleHeight': True, 'trialN': 35, 'loaded': True, 'loadedTime': 3329.199999809265, 'positionName': 'CENTER', 'positionCoords': [755, 335.5]}]",Rate how much you want to eat this food from 0 (least) to 10 (most).,66999.69999980927,1669838298764,luckycharms,1579.0,True,0.31,68578.69999980927,1579.0,True,HRV,HRV_0276,2022-11-30 19:59:06
36,"[{'imgObject': {}, 'id': 'burrito', 'src': '/static/foodstim60/burrito.jpg', 'key': 'NaN', 'origWidth': 410, 'origHeight': 410, 'width': 410, 'height': 410, 'widthPercent': 0.8, 'rescaleHeight': True, 'trialN': 36, 'loaded': True, 'loadedTime': 3375.899999856949, 'positionName': 'CENTER', 'positionCoords': [755, 335]}]",Rate how much you want to eat this food from 0 (least) to 10 (most).,68579.59999990463,1669838300344,burrito,1789.0999999046326,True,0.11,70368.69999980927,1789.0999999046326,True,HRV,HRV_0276,2022-11-30 19:59:06
37,"[{'imgObject': {}, 'id': 'edamame', 'src': '/static/foodstim60/edamame.jpg', 'key': 'NaN', 'origWidth': 409, 'origHeight': 410, 'width': 409, 'height': 410, 'widthPercent': 0.8, 'rescaleHeight': True, 'trialN': 37, 'loaded': True, 'loadedTime': 3377.899999856949, 'positionName': 'CENTER', 'positionCoords': [755.5, 335]}]",Rate how much you want to eat this food from 0 (least) to 10 (most).,70369.59999990463,1669838302134,edamame,2455.0999999046326,True,0.13,72824.69999980927,2455.0999999046326,True,HRV,HRV_0276,2022-11-30 19:59:06
38,"[{'imgObject': {}, 'id': 'yogurt no spoon', 'src': '/static/foodstim60/yogurt no spoon.jpg', 'key': 'NaN', 'origWidth': 411, 'origHeight': 410, 'width': 411, 'height': 410, 'widthPercent': 0.8, 'rescaleHeight': True, 'trialN': 38, 'loaded': True, 'loadedTime': 3380.699999809265, 'positionName': 'CENTER', 'positionCoords': [754.5, 335]}]",Rate how much you want to eat this food from 0 (least) to 10 (most).,72826.0,1669838304590,yogurt no spoon,2728.899999856949,True,1.85,75554.89999985695,2728.899999856949,True,HRV,HRV_0276,2022-11-30 19:59:06
39,"[{'imgObject': {}, 'id': 'strawberries', 'src': '/static/foodstim60/strawberries.jpg', 'key': 'NaN', 'origWidth': 410, 'origHeight': 410, 'width': 410, 'height': 410, 'widthPercent': 0.8, 'rescaleHeight': True, 'trialN': 39, 'loaded': True, 'loadedTime': 3422.699999809265, 'positionName': 'CENTER', 'positionCoords': [755, 335]}]",Rate how much you want to eat this food from 0 (least) to 10 (most).,75555.89999985695,1669838307320,strawberries,1976.7999999523163,True,6.84,77532.69999980927,1976.7999999523163,True,HRV,HRV_0276,2022-11-30 19:59:06
40,"[{'imgObject': {}, 'id': 'hashbrowns', 'src': '/static/foodstim60/hashbrowns.jpg', 'key': 'NaN', 'origWidth': 411, 'origHeight': 410, 'width': 411, 'height': 410, 'widthPercent': 0.8, 'rescaleHeight': True, 'trialN': 40, 'loaded': True, 'loadedTime': 3412.5, 'positionName': 'CENTER', 'positionCoords': [754.5, 335]}]",Rate how much you want to eat this food from 0 (least) to 10 (most).,77533.5,1669838309298,hashbrowns,2149.0999999046326,True,0.0,79682.59999990463,2149.0999999046326,True,HRV,HRV_0276,2022-11-30 19:59:06
41,"[{'imgObject': {}, 'id': 'salmon', 'src': '/static/foodstim60/salmon.jpg', 'key': 'NaN', 'origWidth': 410, 'origHeight': 409, 'width': 410, 'height': 409, 'widthPercent': 0.8, 'rescaleHeight': True, 'trialN': 41, 'loaded': True, 'loadedTime': 3424.0999999046326, 'positionName': 'CENTER', 'positionCoords': [755, 335.5]}]",Rate how much you want to eat this food from 0 (least) to 10 (most).,79683.59999990463,1669838311448,salmon,1587.0,True,5.14,81270.59999990463,1587.0,True,HRV,HRV_0276,2022-11-30 19:59:06
42,"[{'imgObject': {}, 'id': 'avocado', 'src': '/static/foodstim60/avocado.jpg', 'key': 'NaN', 'origWidth': 409, 'origHeight': 409, 'width': 409, 'height': 409, 'widthPercent': 0.8, 'rescaleHeight': True, 'trialN': 42, 'loaded': True, 'loadedTime': 3506, 'positionName': 'CENTER', 'positionCoords': [755.5, 335.5]}]",Rate how much you want to eat this food from 0 (least) to 10 (most).,81271.69999980927,1669838313036,avocado,1796.9000000953674,True,0.05,83068.59999990463,1796.9000000953674,True,HRV,HRV_0276,2022-11-30 19:59:06
43,"[{'imgObject': {}, 'id': 'chickenfingers', 'src': '/static/foodstim60/chickenfingers.jpg', 'key': 'NaN', 'origWidth': 410, 'origHeight': 410, 'width': 410, 'height': 410, 'widthPercent': 0.8, 'rescaleHeight': True, 'trialN': 43, 'loaded': True, 'loadedTime': 3512.0999999046326, 'positionName': 'CENTER', 'positionCoords': [755, 335]}]",Rate how much you want to eat this food from 0 (least) to 10 (most).,83069.69999980927,1669838314834,chickenfingers,1530.9000000953674,True,0.14,84600.59999990463,1530.9000000953674,True,HRV,HRV_0276,2022-11-30 19:59:06
44,"[{'imgObject': {}, 'id': 'mango', 'src': '/static/foodstim60/mango.jpg', 'key': 'NaN', 'origWidth': 411, 'origHeight': 411, 'width': 411, 'height': 411, 'widthPercent': 0.8, 'rescaleHeight': True, 'trialN': 44, 'loaded': True, 'loadedTime': 3479.7999999523163, 'positionName': 'CENTER', 'positionCoords': [754.5, 334.5]}]",Rate how much you want to eat this food from 0 (least) to 10 (most).,84601.59999990463,1669838316366,mango,1861.0,True,0.53,86462.59999990463,1861.0,True,HRV,HRV_0276,2022-11-30 19:59:06
45,"[{'imgObject': {}, 'id': 'raisin bran w milk', 'src': '/static/foodstim60/raisin bran w milk.jpg', 'key': 'NaN', 'origWidth': 411, 'origHeight': 411, 'width': 411, 'height': 411, 'widthPercent': 0.8, 'rescaleHeight': True, 'trialN': 45, 'loaded': True, 'loadedTime': 3482.5999999046326, 'positionName': 'CENTER', 'positionCoords': [754.5, 334.5]}]",Rate how much you want to eat this food from 0 (least) to 10 (most).,86463.69999980927,1669838318228,raisin bran w milk,1735.0,True,0.14,88198.69999980927,1735.0,True,HRV,HRV_0276,2022-11-30 19:59:06
46,"[{'imgObject': {}, 'id': 'Tribe humus pita', 'src': '/static/foodstim60/Tribe humus pita.jpg', 'key': 'NaN', 'origWidth': 411, 'origHeight': 411, 'width': 411, 'height': 411, 'widthPercent': 0.8, 'rescaleHeight': True, 'trialN': 46, 'loaded': True, 'loadedTime': 3481.0999999046326, 'positionName': 'CENTER', 'positionCoords': [754.5, 334.5]}]",Rate how much you want to eat this food from 0 (least) to 10 (most).,88199.89999985695,1669838319964,Tribe humus pita,2460.7000000476837,True,2.0,90660.59999990463,2460.7000000476837,True,HRV,HRV_0276,2022-11-30 19:59:06
47,"[{'imgObject': {}, 'id': 'popsicles', 'src': '/static/foodstim60/popsicles.jpg', 'key': 'NaN', 'origWidth': 410, 'origHeight': 410, 'width': 410, 'height': 410, 'widthPercent': 0.8, 'rescaleHeight': True, 'trialN': 47, 'loaded': True, 'loadedTime': 3515.5999999046326, 'positionName': 'CENTER', 'positionCoords': [755, 335]}]",Rate how much you want to eat this food from 0 (least) to 10 (most).,90661.69999980927,1669838322426,popsicles,1892.8000001907349,True,0.15,92554.5,1892.8000001907349,True,HRV,HRV_0276,2022-11-30 19:59:06
48,"[{'imgObject': {}, 'id': 'corn cob', 'src': '/static/foodstim60/corn cob.jpg', 'key': 'NaN', 'origWidth': 411, 'origHeight': 411, 'width': 411, 'height': 411, 'widthPercent': 0.8, 'rescaleHeight': True, 'trialN': 48, 'loaded': True, 'loadedTime': 3549.5999999046326, 'positionName': 'CENTER', 'positionCoords': [754.5, 334.5]}]",Rate how much you want to eat this food from 0 (least) to 10 (most).,92555.69999980927,1669838324320,corn cob,1670.9000000953674,True,1.1300000000000001,94226.59999990463,1670.9000000953674,True,HRV,HRV_0276,2022-11-30 19:59:06
49,"[{'imgObject': {}, 'id': 'fried eggs', 'src': '/static/foodstim60/fried eggs.jpg', 'key': 'NaN', 'origWidth': 410, 'origHeight': 410, 'width': 410, 'height': 410, 'widthPercent': 0.8, 'rescaleHeight': True, 'trialN': 49, 'loaded': True, 'loadedTime': 3552.0999999046326, 'positionName': 'CENTER', 'positionCoords': [755, 335]}]",Rate how much you want to eat this food from 0 (least) to 10 (most).,94227.59999990463,1669838325992,fried eggs,1844.9000000953674,True,4.04,96072.5,1844.9000000953674,True,HRV,HRV_0276,2022-11-30 19:59:06
50,"[{'imgObject': {}, 'id': 'seaweed', 'src': '/static/foodstim60/seaweed.jpg', 'key': 'NaN', 'origWidth': 410, 'origHeight': 410, 'width': 410, 'height': 410, 'widthPercent': 0.8, 'rescaleHeight': True, 'trialN': 50, 'loaded': True, 'loadedTime': 3550.899999856949, 'positionName': 'CENTER', 'positionCoords': [755, 335]}]",Rate how much you want to eat this food from 0 (least) to 10 (most).,96073.59999990463,1669838327838,seaweed,1953.0,True,0.13,98026.59999990463,1953.0,True,HRV,HRV_0276,2022-11-30 19:59:06
51,"[{'imgObject': {}, 'id': 'burger', 'src': '/static/foodstim60/burger.jpg', 'key': 'NaN', 'origWidth': 409, 'origHeight': 409, 'width': 409, 'height': 409, 'widthPercent': 0.8, 'rescaleHeight': True, 'trialN': 51, 'loaded': True, 'loadedTime': 3592.5999999046326, 'positionName': 'CENTER', 'positionCoords': [755.5, 335.5]}]",Rate how much you want to eat this food from 0 (least) to 10 (most).,98027.79999995232,1669838329792,burger,1616.7000000476837,True,0.14,99644.5,1616.7000000476837,True,HRV,HRV_0276,2022-11-30 19:59:06
52,"[{'imgObject': {}, 'id': 'ice cream sundae 002', 'src': '/static/foodstim60/ice cream sundae 002.jpg', 'key': 'NaN', 'origWidth': 409, 'origHeight': 409, 'width': 409, 'height': 409, 'widthPercent': 0.8, 'rescaleHeight': True, 'trialN': 52, 'loaded': True, 'loadedTime': 3589.899999856949, 'positionName': 'CENTER', 'positionCoords': [755.5, 335.5]}]",Rate how much you want to eat this food from 0 (least) to 10 (most).,99645.39999985695,1669838331410,ice cream sundae 002,1673.2000000476837,True,0.11,101318.59999990463,1673.2000000476837,True,HRV,HRV_0276,2022-11-30 19:59:06
53,"[{'imgObject': {}, 'id': 'kiwi', 'src': '/static/foodstim60/kiwi.jpg', 'key': 'NaN', 'origWidth': 410, 'origHeight': 410, 'width': 410, 'height': 410, 'widthPercent': 0.8, 'rescaleHeight': True, 'trialN': 53, 'loaded': True, 'loadedTime': 3591.0999999046326, 'positionName': 'CENTER', 'positionCoords': [755, 335]}]",Rate how much you want to eat this food from 0 (least) to 10 (most).,101319.29999995232,1669838333084,kiwi,2063.2000000476837,True,2.1,103382.5,2063.2000000476837,True,HRV,HRV_0276,2022-11-30 19:59:06
54,"[{'imgObject': {}, 'id': 'cantaloupe', 'src': '/static/foodstim60/cantaloupe.jpg', 'key': 'NaN', 'origWidth': 409, 'origHeight': 409, 'width': 409, 'height': 409, 'widthPercent': 0.8, 'rescaleHeight': True, 'trialN': 54, 'loaded': True, 'loadedTime': 3630.899999856949, 'positionName': 'CENTER', 'positionCoords': [755.5, 335.5]}]",Rate how much you want to eat this food from 0 (least) to 10 (most).,103383.39999985695,1669838335148,cantaloupe,2001.2000000476837,True,0.1,105384.59999990463,2001.2000000476837,True,HRV,HRV_0276,2022-11-30 19:59:06
55,"[{'imgObject': {}, 'id': 'banana', 'src': '/static/foodstim60/banana.jpg', 'key': 'NaN', 'origWidth': 410, 'origHeight': 410, 'width': 410, 'height': 410, 'widthPercent': 0.8, 'rescaleHeight': True, 'trialN': 55, 'loaded': True, 'loadedTime': 3646.899999856949, 'positionName': 'CENTER', 'positionCoords': [755, 335]}]",Rate how much you want to eat this food from 0 (least) to 10 (most).,105385.39999985695,1669838337149,banana,1679.2000000476837,True,0.15,107064.59999990463,1679.2000000476837,True,HRV,HRV_0276,2022-11-30 19:59:06
56,"[{'imgObject': {}, 'id': 'turkeysandwich', 'src': '/static/foodstim60/turkeysandwich.jpg', 'key': 'NaN', 'origWidth': 409, 'origHeight': 409, 'width': 409, 'height': 409, 'widthPercent': 0.8, 'rescaleHeight': True, 'trialN': 56, 'loaded': True, 'loadedTime': 3644.5999999046326, 'positionName': 'CENTER', 'positionCoords': [755.5, 335.5]}]",Rate how much you want to eat this food from 0 (least) to 10 (most).,107065.39999985695,1669838338829,turkeysandwich,1619.2000000476837,True,3.85,108684.59999990463,1619.2000000476837,True,HRV,HRV_0276,2022-11-30 19:59:06
57,"[{'imgObject': {}, 'id': 'shreddedwheatwithmilk', 'src': '/static/foodstim60/shreddedwheatwithmilk.jpg', 'key': 'NaN', 'origWidth': 410, 'origHeight': 410, 'width': 410, 'height': 410, 'widthPercent': 0.8, 'rescaleHeight': True, 'trialN': 57, 'loaded': True, 'loadedTime': 3697.699999809265, 'positionName': 'CENTER', 'positionCoords': [755, 335]}]",Rate how much you want to eat this food from 0 (least) to 10 (most).,108685.59999990463,1669838340450,shreddedwheatwithmilk,1821.0,True,0.2,110506.59999990463,1821.0,True,HRV,HRV_0276,2022-11-30 19:59:06
58,"[{'imgObject': {}, 'id': 'blueberries', 'src': '/static/foodstim60/blueberries.jpg', 'key': 'NaN', 'origWidth': 411, 'origHeight': 411, 'width': 411, 'height': 411, 'widthPercent': 0.8, 'rescaleHeight': True, 'trialN': 58, 'loaded': True, 'loadedTime': 3699.0999999046326, 'positionName': 'CENTER', 'positionCoords': [754.5, 334.5]}]",Rate how much you want to eat this food from 0 (least) to 10 (most).,110507.39999985695,1669838342271,blueberries,1773.1000001430511,True,0.8300000000000001,112280.5,1773.1000001430511,True,HRV,HRV_0276,2022-11-30 19:59:06
59,"[{'imgObject': {}, 'id': 'apple slices', 'src': '/static/foodstim60/apple slices.jpg', 'key': 'NaN', 'origWidth': 409, 'origHeight': 410, 'width': 409, 'height': 410, 'widthPercent': 0.8, 'rescaleHeight': True, 'trialN': 59, 'loaded': True, 'loadedTime': 3700, 'positionName': 'CENTER', 'positionCoords': [755.5, 335]}]",Rate how much you want to eat this food from 0 (least) to 10 (most).,112281.5,1669838344045,apple slices,1665.0,True,2.2,113946.5,1665.0,True,HRV,HRV_0276,2022-11-30 19:59:06
